js/admin-daily-curated-authority-v1.js:100
        if (await sha256Text(raw) !== String(descriptor.sha256 || "")) throw new Error(`Selector SHA-256 mismatch for ${descriptor.family}.`);
                                                                             ^

Error: Selector SHA-256 mismatch for club-count.
    at js/admin-daily-curated-authority-v1.js:100:78
    at async js/admin-daily-curated-authority-v1.js:194:26
    at async file:///home/runner/work/fpl-draft-challenge/fpl-draft-challenge/scripts/verify-daily-curated-authority-v1.mjs:91:17

Node.js v22.23.2

exit_status=1

selector_hashes:
{"family":"anti-meta","expected":"2b12a15f406f13614e9e25009b9c337058381865f23ebad4eaf2356a03e6232a","expectedLength":64,"nodeHash":"2b12a15f406f13614e9e25009b9c337058381865f23ebad4eaf2356a03e6232a","webHash":"2b12a15f406f13614e9e25009b9c337058381865f23ebad4eaf2356a03e6232a","nodeEquals":true,"webEquals":true,"expectedCodes":[50,98,49,50,97,49,53,102,52,48,54,102,49,51,54,49,52,101,57,101,50,53,48,48,57,98,57,99,51,51,55,48,53,56,51,56,49,56,54,53,102,50,51,101,98,97,100,52,101,97,102,50,51,53,54,97,48,51,101,54,50,51,50,97]}
{"family":"career-longevity","expected":"7f715a523fd456c1acd6e8baf87e75a79d347ef1ece8eaef7caeaba576523f37","expectedLength":64,"nodeHash":"7f715a523fd456c1acd6e8baf87e75a79d347ef1ece8eaef7caeaba576523f37","webHash":"7f715a523fd456c1acd6e8baf87e75a79d347ef1ece8eaef7caeaba576523f37","nodeEquals":true,"webEquals":true,"expectedCodes":[55,102,55,49,53,97,53,50,51,102,100,52,53,54,99,49,97,99,100,54,101,56,98,97,102,56,55,101,55,53,97,55,57,100,51,52,55,101,102,49,101,99,101,56,101,97,101,102,55,99,97,101,97,98,97,53,55,54,53,50,51,102,51,55]}
{"family":"champions","expected":"cc842488905f63c325bd54ec6e82161e40b19266a711086b59f16d8a074bdb1c","expectedLength":64,"nodeHash":"cc842488905f63c325bd54ec6e82161e40b19266a711086b59f16d8a074bdb1c","webHash":"cc842488905f63c325bd54ec6e82161e40b19266a711086b59f16d8a074bdb1c","nodeEquals":true,"webEquals":true,"expectedCodes":[99,99,56,52,50,52,56,56,57,48,53,102,54,51,99,51,50,53,98,100,53,52,101,99,54,101,56,50,49,54,49,101,52,48,98,49,57,50,54,54,97,55,49,49,48,56,54,98,53,57,102,49,54,100,56,97,48,55,52,98,100,98,49,99]}
{"family":"club-count","expected":"4aba758cd64c3b51055d527e28d127cf9829cb8883f2f7015527c6968eb79779","expectedLength":64,"nodeHash":"4aba758cd64c3b51055b527e28d127cf9829cb8883f2f7015527c6968eb79779","webHash":"4aba758cd64c3b51055b527e28d127cf9829cb8883f2f7015527c6968eb79779","nodeEquals":false,"webEquals":false,"expectedCodes":[52,97,98,97,55,53,56,99,100,54,52,99,51,98,53,49,48,53,53,100,53,50,55,101,50,56,100,49,50,55,99,102,57,56,50,57,99,98,56,56,56,51,102,50,102,55,48,49,53,53,50,55,99,54,57,54,56,101,98,55,57,55,55,57]}
{"family":"club-stat","expected":"135105be47f7234cbeb868de4cd40595328fc3c580d972dc0dcc32e179d710ce","expectedLength":64,"nodeHash":"135105be47f7234cbeb868de4cd40595328fc3c580d972dc0dcc32e179d710ce","webHash":"135105be47f7234cbeb868de4cd40595328fc3c580d972dc0dcc32e179d710ce","nodeEquals":true,"webEquals":true,"expectedCodes":[49,51,53,49,48,53,98,101,52,55,102,55,50,51,52,99,98,101,98,56,54,56,100,101,52,99,100,52,48,53,57,53,51,50,56,102,99,51,99,53,56,48,100,57,55,50,100,99,48,100,99,99,51,50,101,49,55,57,100,55,49,48,99,101]}
{"family":"combined-stats","expected":"56b4d7c03a5bce9f62bb5d531ddae2045f0992165712d60a6df53555951d24ba","expectedLength":64,"nodeHash":"56b4d7c03a5bce9f62bb5d531ddae2045f0992165712d60a6df53555951d24ba","webHash":"56b4d7c03a5bce9f62bb5d531ddae2045f0992165712d60a6df53555951d24ba","nodeEquals":true,"webEquals":true,"expectedCodes":[53,54,98,52,100,55,99,48,51,97,53,98,99,101,57,102,54,50,98,98,53,100,53,51,49,100,100,97,101,50,48,52,53,102,48,57,57,50,49,54,53,55,49,50,100,54,48,97,54,100,102,53,51,53,53,53,57,53,49,100,50,52,98,97]}
{"family":"composite-story","expected":"6e0380da94ab36335aaa69556a813a5f4b3dfd33fcd31330a5b5ff6b330625c3","expectedLength":64,"nodeHash":"6e0380da94ab36335aaa69556a813a5f4b3dfd33fcd31330a5b5ff6b330625c3","webHash":"6e0380da94ab36335aaa69556a813a5f4b3dfd33fcd31330a5b5ff6b330625c3","nodeEquals":true,"webEquals":true,"expectedCodes":[54,101,48,51,56,48,100,97,57,52,97,98,51,54,51,51,53,97,97,97,54,57,53,53,54,97,56,49,51,97,53,102,52,98,51,100,102,100,51,51,102,99,100,51,49,51,51,48,97,53,98,53,102,102,54,98,51,51,48,54,50,53,99,51]}
{"family":"exact-stats","expected":"f09fbb07c95a2f24b1af24c762172a690d589b7bdc5a43f5b2dd5cf5ebffa0dc","expectedLength":64,"nodeHash":"f09fbb07c95a2f24b1af24c762172a690d589b7bdc5a43f5b2dd5cf5ebffa0dc","webHash":"f09fbb07c95a2f24b1af24c762172a690d589b7bdc5a43f5b2dd5cf5ebffa0dc","nodeEquals":true,"webEquals":true,"expectedCodes":[102,48,57,102,98,98,48,55,99,57,53,97,50,102,50,52,98,49,97,102,50,52,99,55,54,50,49,55,50,97,54,57,48,100,53,56,57,98,55,98,100,99,53,97,52,51,102,53,98,50,100,100,53,99,102,53,101,98,102,102,97,48,100,99]}
{"family":"exclude-top-result","expected":"1ad5b6b7010246e4db1cce4574d8462ee93bf01e705d4763b8cf81f909281a69","expectedLength":64,"nodeHash":"1ad5b6b7010246e4db1cce4574d8462ee93bf01e705d4763b8cf81f909281a69","webHash":"1ad5b6b7010246e4db1cce4574d8462ee93bf01e705d4763b8cf81f909281a69","nodeEquals":true,"webEquals":true,"expectedCodes":[49,97,100,53,98,54,98,55,48,49,48,50,52,54,101,52,100,98,49,99,99,101,52,53,55,52,100,56,52,54,50,101,101,57,51,98,102,48,49,101,55,48,53,100,52,55,54,51,98,56,99,102,56,49,102,57,48,57,50,56,49,97,54,57]}
{"family":"league-position","expected":"cfd88730a7fd020b207e5465734cecd51f661fd21edd2432cbede1a0e4fdc27f","expectedLength":64,"nodeHash":"cfd88730a7fd020b207e5465734cecd51f661fd21edd2432cbede1a0e4fdc27f","webHash":"cfd88730a7fd020b207e5465734cecd51f661fd21edd2432cbede1a0e4fdc27f","nodeEquals":true,"webEquals":true,"expectedCodes":[99,102,100,56,56,55,51,48,97,55,102,100,48,50,48,98,50,48,55,101,53,52,54,53,55,51,52,99,101,99,100,53,49,102,54,54,49,102,100,50,49,101,100,100,50,52,51,50,99,98,101,100,101,49,97,48,101,52,102,100,99,50,55,102]}
{"family":"manager","expected":"7d2dfc0759a98c8ee7f60f38a468179093be2b5e2337bc7c982104aa0e69dadc","expectedLength":64,"nodeHash":"7d2dfc0759a98c8ee7f60f38a468179093be2b5e2337bc7c982104aa0e69dadc","webHash":"7d2dfc0759a98c8ee7f60f38a468179093be2b5e2337bc7c982104aa0e69dadc","nodeEquals":true,"webEquals":true,"expectedCodes":[55,100,50,100,102,99,48,55,53,57,97,57,56,99,56,101,101,55,102,54,48,102,51,56,97,52,54,56,49,55,57,48,57,51,98,101,50,98,53,101,50,51,51,55,98,99,55,99,57,56,50,49,48,52,97,97,48,101,54,57,100,97,100,99]}
{"family":"minutes-role","expected":"c772f4738d6dde2805995bc42c2bdd8705ff3aa23755d7d2415741be0c1e0cd1","expectedLength":64,"nodeHash":"c772f4738d6dde2805995bc42c2bdd8705ff3aa23755d7d2415741be0c1e0cd1","webHash":"c772f4738d6dde2805995bc42c2bdd8705ff3aa23755d7d2415741be0c1e0cd1","nodeEquals":true,"webEquals":true,"expectedCodes":[99,55,55,50,102,52,55,51,56,100,54,100,100,101,50,56,48,53,57,57,53,98,99,52,50,99,50,98,100,100,56,55,48,53,102,102,51,97,97,50,51,55,53,53,100,55,100,50,52,49,53,55,52,49,98,101,48,99,49,101,48,99,100,49]}
{"family":"nationality","expected":"c6878b5b9dad963a0874e3d78a7d3dcd711413257c665d0c7cd2a421519fccf0","expectedLength":64,"nodeHash":"c6878b5b9dad963a0874e3d78a7d3dcd711413257c665d0c7cd2a421519fccf0","webHash":"c6878b5b9dad963a0874e3d78a7d3dcd711413257c665d0c7cd2a421519fccf0","nodeEquals":true,"webEquals":true,"expectedCodes":[99,54,56,55,56,98,53,98,57,100,97,100,57,54,51,97,48,56,55,52,101,51,100,55,56,97,55,100,51,100,99,100,55,49,49,52,49,51,50,53,55,99,54,54,53,100,48,99,55,99,100,50,97,52,50,49,53,49,57,102,99,99,102,48]}
{"family":"position-stat","expected":"88f6bb5105d9956336ecd433e5c32b4c65293833440252ad42ce72a7f5d357b3","expectedLength":64,"nodeHash":"88f6bb5105d9956336ecd433e5c32b4c65293833440252ad42ce72a7f5d357b3","webHash":"88f6bb5105d9956336ecd433e5c32b4c65293833440252ad42ce72a7f5d357b3","nodeEquals":true,"webEquals":true,"expectedCodes":[56,56,102,54,98,98,53,49,48,53,100,57,57,53,54,51,51,54,101,99,100,52,51,51,101,53,99,51,50,98,52,99,54,53,50,57,51,56,51,51,52,52,48,50,53,50,97,100,52,50,99,101,55,50,97,55,102,53,100,51,53,55,98,51]}
{"family":"promoted-clubs","expected":"4e8622f2696e8a4129675dbb86c0d1340c51ae6a9099d2f273ed52f954bee07f","expectedLength":64,"nodeHash":"4e8622f2696e8a4129675dbb86c0d1340c51ae6a9099d2f273ed52f954bee07f","webHash":"4e8622f2696e8a4129675dbb86c0d1340c51ae6a9099d2f273ed52f954bee07f","nodeEquals":true,"webEquals":true,"expectedCodes":[52,101,56,54,50,50,102,50,54,57,54,101,56,97,52,49,50,57,54,55,53,100,98,98,56,54,99,48,100,49,51,52,48,99,53,49,97,101,54,97,57,48,57,57,100,50,102,50,55,51,101,100,53,50,102,57,53,52,98,101,101,48,55,102]}
{"family":"relegated-clubs","expected":"b37d9dd35d337a278b9731d92017bc643217506c5536b2a7f4f727bb74e27d5f","expectedLength":64,"nodeHash":"b37d9dd35d337a278b9731d92017bc643217506c5536b2a7f4f727bb74e27d5f","webHash":"b37d9dd35d337a278b9731d92017bc643217506c5536b2a7f4f727bb74e27d5f","nodeEquals":true,"webEquals":true,"expectedCodes":[98,51,55,100,57,100,100,51,53,100,51,51,55,97,50,55,56,98,57,55,51,49,100,57,50,48,49,55,98,99,54,52,51,50,49,55,53,48,54,99,53,53,51,54,98,50,97,55,102,52,102,55,50,55,98,98,55,52,101,50,55,100,53,102]}
{"family":"season-stats","expected":"82fbc240ffd0e780540e163a568d11b69e488adbce6c555541b61abc5c192c67","expectedLength":64,"nodeHash":"82fbc240ffd0e780540e163a568d11b69e488adbce6c555541b61abc5c192c67","webHash":"82fbc240ffd0e780540e163a568d11b69e488adbce6c555541b61abc5c192c67","nodeEquals":true,"webEquals":true,"expectedCodes":[56,50,102,98,99,50,52,48,102,102,100,48,101,55,56,48,53,52,48,101,49,54,51,97,53,54,56,100,49,49,98,54,57,101,52,56,56,97,100,98,99,101,54,99,53,53,53,53,52,49,98,54,49,97,98,99,53,99,49,57,50,99,54,55]}
{"family":"value","expected":"f16a14d2ba840fa36120cb9334f0e4625cf482d3fc0cb6e189249034df7c019b","expectedLength":64,"nodeHash":"f16a14d2ba840fa36120cb9334f0e4625cf482d3fc0cb6e189249034df7c019b","webHash":"f16a14d2ba840fa36120cb9334f0e4625cf482d3fc0cb6e189249034df7c019b","nodeEquals":true,"webEquals":true,"expectedCodes":[102,49,54,97,49,52,100,50,98,97,56,52,48,102,97,51,54,49,50,48,99,98,57,51,51,52,102,48,101,52,54,50,53,99,102,52,56,50,100,51,102,99,48,99,98,54,101,49,56,57,50,52,57,48,51,52,100,102,55,99,48,49,57,98]}
